11485656
10184653
11617559
25126798
11676971
9869779
153999
10113978
447077
151194
11314340
10074640
11338033
9933475
156414
3062316
11717001
11427553
24180719
11213558
176155
5328940
216239
10138259
16007391
11364421
11626560
5287969
9929127
10461815
24889392
156422
9829523
10427712
16722836
10127622
57397989
9813758
3025986
9886808
176870
5291
5329102
3038525
6450551
123631
15983966
9915743
644241
11667893
57347681
42642645
17755052
208908
9884685
3081361
126565
16725726
176167
3038522
11656518
16038120
6918454
6918852
24779724
44259
11234052
5494449
9926791
25182616
11712649
11409972