103904189
103904190
103904191
103904192
103904194
103904195
103904196
103904197
103904198
103904199
103904201
103904202
103904203
103904204
103904205
103904206
103904207
103904208
103904209
103904210
103904211
103904212
103904213
103904214
103904215
103904216
103904217
103904218
103904219
103904220
103904221
103904222
103904223
103904224
103904225
103904226
103904227
103904228
103904229
103904230
103904231
103904232
103904233
103904234
103904235
103904236
103904237
103904238
103904239
103904240
103904241
103904242
103904243
103904244
103904245
103904246
103904247
103904248
103904249
103904250
103904251
103904252
103904253
103904254
103904255
103904256
103904257
103904258
103904259
103904260
103904261
103904262
103904263
103904264
103904265
103904268
103904269
103904270
103904271
103904272
103904273
103904274
103904275
103904276
103904277
103904278
103904279
103904280
103904281
103904282
103904283
103904284
103904285
103904286
103904287
103904288
103904289
103904290
103904291
103904292
103904293
103904294
103904295
103904296
103904297
103904298
103904299
103904300
103904301
103904302
103904303
103904304
103904305
103904306
103904307
103904308
103904309
103904310
103904311
103904312
103904313
103904314
103904315
103904316
103904317
103904318
103904319
103904320
103904321
103904322
103904323
103904324
103904326
103904327
103904328
103904329
103904330
103904331
103904332
103904333
103904334
103904335
103904336
103904337
103904338
103904339
103904340
103904341
103904343
103904344
103904345
103904346
103904347
103904348
103904349
103904350
103904351
103904352
103904353
103904354
103904355
103904356
103904357
103904358
103904359
103904360
103904361
103904362
103904363
103904364
103904365
103904366
103904367
103904368
103904369
103904370
103904371
103904372
103904373
103904374
103904375
103904376
103904377
103904379
103904380
103904381
103904382
103904383
103904384
103904385
103904386
103904387
103904388
103904389
103904393
103904398
103904399
103904400
103904401
103904403
103904404
103904405
103904406
103904407
103904408
103904409
103904410
103904411
103904412
103904413
103904414
103904415
103904416
103904417
103904418
103904419
103904420
103904421
103904422
103904423
103904424
103904425
103904426
103904427
103904428
103904429
103904430
103904431
103904432
103904433
103904434
103904435
103904436
103904438
103904439
103904440
103904441
103904442
103904443
103904444
103904445
103904446
103904448
103904449
103904450
103904451
103904452
103904453
103904454
103904455
103904456
103904457
103904458
103904459
103904460
103904461
103904462
103904463
103904464
103904465
103904466
103904467
103904468
103904469
103904470
103904471
103904472
103904473
103904474
103904475
103904476
103904477
103904478
103904479
103904480
103904482
103904483
103904484
103904485
103904486
103904487
103904489
103904490
103904491
103904492
103904493
103904494
103904495
103904496
103904497
103904498
103904499
103904500
103904501
103904502
103904503
103904504
103904505
103904506
103904507
103904508
103904509
103904510
103904511
103904512
103904513
103904514
103904515
103904516
103904517
103904518
103904519
103904520
103904521
103904522
103904523
103904524
103904525
103904526
103904527
103904528
103904529
103904530
103904531
103904532
103904533
103904534
103904535
103904536
103904537
103904538
103904539
103904540
103904541
103904542
103904543
103904544
103904545
103904546
103904547
103904548
103904549
103904550
103904551
103904552
103904553
103904554
103904555
103904556
103904557
103904558
103904559
103904560
103904561
103904562
103904563
103904564
103904565
103904566
103904567
103904568
103904569
103904570
103904571
103904572
103904573
103904574
103904575
103904576
103904577
103904578
103904579
103904580
103904581
103904582
103904583
103904584
103904585
103904586
103904587
103904588
103904590
103904591
103904592
103904593
103904594
103904595
103904596
103904597
103904598
103904599
103904600
103904601
103904602
103904603
103904604
103904605
103904606
103904607
103904608
103904609
103904610
103904611
103904612
103904613
103904614
103904615
103904616
103904617
103904618
103904619
103904620
103904621
103904622
103904623
103904624
103904626
103904627
103904629
103904633
103904634
103904635
103904636
103904637
103904638
103904639
103904640
103904641
103904642
103904643
103904644
103904645
103904646
103904647
103904648
103904649
103904650
103904651
103904652
103904653
103904654
103904655
103904656
103904657
103904658
103904659
103904660
103904661
103904662
103904663
103904664
103904665
103904666
103904671
103904672
103904673
103904674
103904675
103904676
103904677
103904678
103904679
103904682
103904683
103904684
103904685
103904686
103904687
103904688
103904689
103904690
103904691
103904692
103904693
103904694
103904695
103904696
103904697
103904698
103904699
103904700
103904701
103904702
103904703
103904704
103904705
103904706
103904707
103904708
103904709
103904710
103904711
103904712
103904713
103904714
103904715
103904716
103904717
103904718
103904719
103904720
103904721
103904722
103904724
103904725
103904726
103904729
103904730
103904731
103904732
103904733
103904735
103904736
103904737
103904738
103904739
103904740
103904741
103904742
103904743
103904744
103904745
103904746
103904747
103904748
103904749
103904750
103904751
103904752
103904753
103904754
103904755
103904756
103904757
103904758
103904759
103904760
103904761
103904762
103904763
103904764
103904765
103904766
103904767
103904768
103904769
103904770
103904771
103904772
103904773
103904774
103904775
103904776
103904777
103904778
103904779
103904780
103904781
103904782
103904783
103904784
103904785
103904786
103904787
103904789
103904790
103904791
103904792
103904793
103904794
103904795
103904796
103904797
103904798
103904799
103904800
103904801
103904802
103904803
103904804
103904805
103904806
103904807
103904808
103904809
103904810
103904811
103904812
103904813
103904814
103904815
103904816
103904817
103904818
103904819
103904820
103904821
103904822
103904824
103904825
103904826
103904827
103904828
103904829
103904830
103904832
103904833
103904834
103904835
103904836
103904837
103904838
103904839
103904840
103904841
103904842
103904843
103904844
103904845
103904846
103904847
103904848
103904849
103904850
103904851
103904852
103904854
103904855
103904856
103904857
103904858
103904859
103904860
103904861
103904862
103904863
103904864
103904865
103904866
103904867
103904868
103904869
103904870
103904871
103904872
103904873
103904874
103904875
103904876
103904877
103904878
103904879
103904880
103904881
103904882
103904883
103904884
103904885
103904886
103904887
103904888
103904889
103904890
103904891
103904892
103904893
103904894
103904895
103904896
103904897
103904898
103904899
103904900
103904901
103904902
103904904
103904905
103904907
103904908
103904909
103904910
103904912
103904913
103904914
103904915
103904917
103904918
103904919
103904920
103904921
103904922
103904923
103904924
103904925
103904926
103904929
103904930
103904931
103904932
103904934
103904935
103904936
103904937
103904938
103904939
103904940
103904941
103904942
103904943
103904944
103904945
103904946
103904947
103904948
103904949
103904950
103904951
103904952
103904953
103904954
103904955
103904956
103904957
103904958
103904959
103904960
103904961
103904962
103904963
103904965
103904966
103904967
103904968
103904969
103904970
103904971
103904972
103904973
103904976
103904977
103904978
103904979
103904980
103904981
103904982
103904983
103904984
103904986
103904987
103904988
103904989
103904990
103904991
103904992
103904993
103904994
103904995
103904996
103904997
103904998
103904999
103905000
103905001
103905002
103905003
103905004
103905005
103905006
103905007
103905008
103905009
103905010
103905011
103905012
103905013
103905014
103905015
103905016
103905017
103905018
103905019
103905020
103905021
103905022
103905023
103905024
103905025
103905026
103905027
103905028
103905029
103905030
103905031
103905032
103905033
103905034
103905035
103905036
103905037
103905038
103905039
103905040
103905041
103905042
103905043
103905044
103905045
103905046
103905047
103905048
103905049
103905050
103905051
103905052
103905053
103905055
103905056
103905057
103905058
103905059
103905060
103905061
103905062
103905063
103905064
103905065
103905066
103905067
103905068
103905069
103905070
103905071
103905072
103905073
103905074
103905075
103905076
103905077
103905078
103905079
103905080
103905081
103905082
103905083
103905084
103905085
103905086
103905087
103905088
103905089
103905090
103905091
103905092
103905093
103905094
103905095
103905096
103905097
103905098
103905099
103905100
103905101
103905102
103905103
103905104
103905105
103905106
103905107
103905108
103905109
103905110
103905111
103905112
103905113
103905114
103905115
103905116
103905117
103905118
103905119
103905120
103905121
103905122
103905123
103905124
103905125
103905126
103905127
103905128
103905129
103905130
103905131
103905132
103905133
103905134
103905135
103905136
103905137
103905138
103905140
103905141
103905142
103905143
103905144
103905145
103905146
103905147
103905148
103905149
103905150
103905151
103905152
103905153
103905154
103905155
103905156
103905157
103905158
103905161
103905162
103905163
103905164
103905165
103905166
103905167
103905168
103905169
103905170
103905171
103905172
103905173
103905174
103905175
103905176
103905177
103905178
103905179
103905180
103905181
103905182
103905183
103905184
103905185
103905186
103905187
103905188
103905189
103905190
103905191
103905192
103905193
103905194
103905195
103905196
103905197
103905198
103905199
103905200
103905201
103905202
103905203
103905204
103905205
103905206
103905207
103905208
103905209
103905210
103905211
103905212
103905213
103905214
103905215
103905216
103905217
103905218
103905219
103905220
103905221
103905222
103905223
103905224
103905226
103905228
103905229
103905230
103905231
103905232
103905233
103905234
103905235
103905236
103905237
103905238
103905239
103905240
103905241
103905242
103905243
103905244
103905245
103905246
103905247
103905248
103905249
103905250
103905251
103905252
103905253
103905254
103905255
103905256
103905257
103905258
103905259
103905260
103905261
103905262
103905263
103905264
103905265
103905266
103905267
103905268
103905269
103905270
103905271
103905272
103905273
103905274
103905275
103905276
103905277
103905278
103905280
103905281
103905282
103905283
103905284
103905285
103905286
103905287
103905288
103905289
103905290
103905291
103905292
103905293
103905294
103905295
103905296
103905297
103905298
103905299
103905300
103905301
103905302
103905303
103905304
103905305
103905306
103905307
103905308
103905309
103905310
103905311
103905312
103905313
103905314
103905315
103905316
103905317
103905318
103905319
103905320
103905321
103905322
103905323
103905324
103905325
103905326
103905327
103905329
103905330
103905331
103905333
103905335
103905336
103905337
103905338
103905339
103905340
103905341
103905342
103905343
103905345
103905346
103905347
103905348
103905349
103905350
103905351
103905352
103905353
103905354
103905355
103905356
103905357
103905358
103905359
103905361
103905362
103905363
103905364
103905365
103905366
103905367
103905368
103905369
103905370
103905371
103905372
103905373
103905374
103905375
103905376
103905377
103905378
103905379
103905380
103905381
103905382
103905383
103905384
103905385
103905386
103905387
103905388
103905389
103905391
103905392
103905393
103905394
103905395
103905396
103905397
103905398
103905399
103905400
103905401
103905402
103905403
103905405
103905406
103905407
103905408
103905409
103905410
103905411
103905412
103905413
103905414
103905415
103905416
103905417
103905418
103905419
103905420
103905421
103905422
103905423
103905424
103905425
103905426
103905427
103905428
103905429
103905430
103905431
103905432
103905433
103905434
103905435
103905436
103905437
103905438
103905439
103905440
103905441
103905442
103905443
103905444
103905445
103905446
103905447
103905448
103905449
103905450
103905451
103905452
103905453
103905454
103905455
103905456
103905457
103905458
103905459
103905460
103905461
103905462
103905463
103905464
103905465
103905466
103905467
103905468
103905469
103905470
103905471
103905472
103905474
103905475
103905476
103905477
103905478
103905479
103905480
103905481
103905482
103905483
103905484
103905485
103905486
103905487
103905488
103905489
103905490
103905491
103905492
103905493
103905494
103905495
103905496
103905497
103905498
103905499
103905500
103905501
103905502
103905503
103905504
103905505
103905506
103905507
103905508
103905509
103905510
103905511
103905512
103905513
103905514
103905515
103905516
103905517
103905518
103905519
103905520
103905521
103905522
103905523
103905525
103905526
103905527
103905528
103905529
103905530
103905531
103905532
103905533
103905535
103905536
103905537
103905538
103905539
103905540
103905541
103905542
103905543
103905544
103905545
103905546
103905547
103905548
103905549
103905550
103905551
103905552
103905553
103905554
103905556
103905557
103905558
103905559
103905560
103905561
103905562
103905563
103905564
103905565
103905566
103905567
103905569
103905570
103905571
103905573
103905574
103905575
103905576
103905577
103905578
103905579
103905580
103905581
103905583
103905584
103905585
103905586
103905587
103905588
103905589
103905590
103905591
103905592
103905593
103905594
103905595
103905596
103905597
103905598
103905599
103905600
103905601
103905602
103905603
103905604
103905605
103905606
103905607
103905608
103905609
103905610
103905611
103905612
103905613
103905614
103905615
103905616
103905617
103905618
103905619
103905620
103905621
103905622
103905623
103905624
103905625
103905626
103905627
103905628
103905629
103905630
103905631
103905632
103905633
103905634
103905635
103905636
103905637
103905638
103905639
103905640
103905641
103905642
103905643
103905644
103905645
103905646
103905647
103905648
103905649
103905650
103905651
103905652
103905653
103905654
103905655
103905656
103905657
103905658
103905660
103905662
103905663
103905664
103905665
103905667
103905668
103905669
103905670
103905671
103905672
103905673
103905674
103905675
103905676
103905677
103905678
103905679
103905680
103905681
103905682
103905683
103905684
103905685