176155
44328638
2141
6047
4781
1367
151194
4475481
2541
9797919
5479527
5509
9890746
10907042
3690
11025838
10363814
5994
10207821
10453829
156422
2812
11048367
5280795
449241
9796455
564
5746
5560
44335197
6918454
2732
3365
6238
54454
9681
34312
60846
10905857
6167
4409
4614
3478
5511
22353185
60726
11580208
446155
2554
46865325
45375865
45375866
11755812
24905142
11189588
33613
11560568
9885023
46830766
11632150
11718021
11744184
10320107
10024433
46846072
11713159
10430000
10340715
11646645
25242324
46830768
46180666
4133
24762205
10248401
11647020
46880951
4062
24884503
44138048
46880136
24772654
44138049
3675
24822704
16665773
25052767
3121
16220188
10341154
46865419
46886319
46886323
46885626
46866604
44541014
24993189
44605035
44605037
5284344
16223008
10073694
5323714
32176
9324
3168
5335
2099
2170
42890
44340751
5867
44340971
1983
22671105
44340974
9927800
3042
20579089
44340902
2519
18343
15550318
441243
936
54687
41781
10917
5362440
449087
10369873
9819053
46905117
46905118
46905119
10349127
11968981
46905122
46905123
46905124
32798
10578931
65016
9906347
6230
46905987
46179972
46871637
46906669
46871765
15541
5362129
4649
24955953
5281607
124087
46898022
9931954
46898039
11724428
10184653
688095
44343747
712193
4723
13187667
2662
5327842
10005638
5327843
10200390
5328
3038525
4906
443884
4935
4886
5327839
5327848
3016
6503
64737
10660
21700
71414
10909430
612
5281034
9878
5593
13765
9270
39764
9812710
3007855
688020
38101
9797370
443943
441350
6172
225609
15209
49800046
4107
11683
5832
6291
92253
6602485
42008
1201549
107782
3033538
2140
39468
6713924
33036
8226
9826083
11605551
44345681
5327832
3085092
12456
5327830
77999
42574
44346053
6915744
46901859
46901862
46913878
5327835
5029
5327831
5090
5479
5318
6918276
46934144
5327829
9548013
5327838
49864785
49864850
46933384
49865153
24959046
5327828
24180719
11406590
24748573
78386
46191454
24905143
4634
47866
5059890
71651
5327837
25144732
6197
449240
24905153
24905152
9860448
24905144
25125014
716312
24779724
11987888
27200
5362119
5523
9321
24905324
24905166
24905189
24905296
24905210
24905209
52945601
17757821
24905285
24905290
24905331
24905286
24905291
24905170
24905171
24905158
9891182
24905150
24905308
24905175
24905295
24905251
24905198
24905281
24905272
24905195
24905196
24905165
24905145
24905322
24905326
24905183
24905344
24905167
24905241
24905194
24905172
24905147
24905148
24905300
24905312
24905317
24905160
24905236
24905205
24905208
24905216
24905163
24905149
24905318
24905304
24905305
24905237
24905341
24905155
24905218
24905225
24905243
24905299
24905303
24905238
24905235
52942235
24905226
24905227
52943394
24905240
52940991
52945845
24905157
24905159
24905232
24905228
24905174
24905284
24905287
24905176
52949532
24905169
24905161
24905162
24905338
24905231
24905233
24905289
24905180
24905181
24905339
24905293
24905288
24905154
24905234
24905229
24905230
24905342
24905182
24905184
24905294
24905316
24905313
24905215
24905217
24905219
24905186
24905336
24905332
24905311
24905197
24905343
24905202
24905188
24905193
6540027
24905333
24905280
24905321
24905330
24905335
24905334
24905221
24905222
24905223
24905323
24905328
24905329
24905292
24905282
24905224
24905239
24905203
24960018
24905325
24905314
24905302
24905297
24905206
24905244
24905201
24905315
24905309
24905310
24905298
24905177
24905207
24905340
24905220
24905212
24905246
52945348
24905319
24905320
24905327
24905178
52945630
52940797
24905200
24905211
24905204
24905190
24905191
24905301
24905307
24905179
24905168
24905252
24905185
24905187
46929544
5319
46929748
46929857
3038522
15949613
4284720
444034
9794806
119020
21672114
49836027
52948258
44158300
44158301
11847343
10231458
311
5353853
52947893
441130
24809764
46868971
25094210
50899556
52944426
52945752
52945753
52941630
52949431
52944268
52941849
50899254
52947964
49765254
24825755
49840306
52944688
465921
2482
44187005
55245
44352395
5329660
5358
57469
3698
16722836
49839480
3561
6450551
35370
50908681
49838879
5198
3342
44268211
44353122
4171
5959
44352928
44352951
44352847
44352930
441383
3406
5755
44352818
44352770
44352772
44352791
9927718
44352914
44352785
6419941
4506
4915
5104
44352844
44352845
44353100
44355298
44268453
44355276
6319
4496
216239
1221
2803
6112
44355373
60773
5757
13009345
10053929
44355300
13009351
36324
4173
5281004
9433
2733
9128
4678
65359
4236
2727469
2744272
11080
6620116
6032
73453
7638
3033
5833
6010
5480817
5330258
9880
2187
5831
15032
5330226
5870
6421
996
9981346
5330256
60825
4098
445840
2749
5624
5210
77918
1035509
3062316
44269404
718180
9863786
667490
5330199
4497
5852
4091
5330252
54671203
15934775
5330209
44223952
46916178
221427
54675776
3902
44269392
44364058
44363906
3000540
4477
31307
26879
35802
2123
5281078
50599
6466450
3366
54678486
44364138
54676038
2094
44366053
10436840
44223970
5585
160355
446156
28417
44364178
3333
2893
3476
2082
3540
11809063
60823
9444
5541
5572
2162
3354
5327963
5280863
9642
5329033
4679
4594
6436
10275001
5280445
82153
3749
1349907
5329656
2447
16219401
54675779
657298
5719
8969
50942
1752
2132
3652
5280793
6479523
6398883
17134
156391
4725
5161
2265
5920
44370466
71188
457193
44093
6366
444254
2176
5597
657272
44370150
657237
28864
441306
71335
1548887
5742832
13342
54892
2264
1775
5284373
44375773
5282181
7961
4754
7000
68869
10127622
10364560
11620908
50990922
50990924
16050925
9576413
15289411
20279
44299148
5328354
481696
26987
44376059
5328360
3158
20079626
53323330
392622
49855568
49855569
42596953
49855758
49855759
49855760
49855761
49855949
49855950
49855951
49855952
49855953
104903
71851
49796826
44375702
5921
37542
445154
5745
53317913
53316611
52920796
50925411
53324451
53320342
49842779
2733335
3747
6323497
10361267
49842666
49842778
53323592
4211
53322732
6006
3039
448601
16742063
44186882
44189584
44186880
44186885
53319042
53323614
25165085
51346827
53320263
25165860
25165861
25164469
25164675
25165278
25164677
25165081
25167280
25167075
25167078
25167072
25167074
25167277
25165279
25165481
25165280
25165482
52938983
49784945
9917490
46215814
50990961
50992247
5330197
3815
354471
186907
454217
5405
10138259
4499
27447
201327
2769
15858662
10531
9841863
11683817
44608915
49792852
25144294
6249
84029
54584901
36294
39912
2724385
3182
9795307
3156
10432113
9951708
5403
10179293
10275985
10318355
10452258
11453049
38945
16678352
16679060
51358113
46215815
52936621
5311067
50997096
37768
60606
10249989
44386588
54586040
54582175
53232451
44386587
5330387
3383
9999186
53357328
2971839
30323
11317348
46864270
53257410
11248978
11422034
25126798
5039
61671
56675140
56657856
16051023
56672904
53308041
9915743
25230621
10048045
3019
53249000
53357848
3454
44137946
49806721
53388145
53388146
56675716
56668847
11597571
56669626
46865656
11604142
5329902
2022
5329895
3385
16723801
449054
5329880
44396134
5087
49831047
969491
5330129
11977753
5352624
5330126
5330388
11393719
5330390
2467
4197
3453237
5330167
1981
9844320
1587957
1401
5330166
5330286
5330127
2153
5330130
5360515
2810
3236
5330132
5330168
54683953
10074640
15983966
44551653
9869779
11427553
667590
667750
1379258
17683252
196129
19592
6761
168088
7043232
443495
24550
6101868
11465545
5330389
3961
5330790
5330133
5330134
9863538
11422035
44609387
24896769
57394653
11155938
5212
11352215
28693
11406175
25254071
54764923
10047202
4680
4810
24825710
5330136
53384644
3965
4485
11328182
10388612
53246941
57396882
56835089
57395116
57395117
54759168
25210579
56835147
56835161
5756
5327966
57401151
56834890
56834891
45139234
656950
10073832
54613583
11455031
57325478
57325479
10845104
5330437
9893493
9910609
10436729
15730
9933545
9911652
16095343
56643097
24764502
11464544
49830629
9982235
11432911
54670067
6539985
25164271
24809769
11164136
49830334
5181561
49830730
25166868
11775063
49830685
10286133
49830368
11676233
49830996
18516271
49830439
49830659
49830283
49830653
49830426
49830595
49830903
49830345
49830988
49830674
24952854
49830938
16122934
18451197
16050452
49830468
24809803
49830976
49830300
49830431
733193
49830824
10073297
18451149
49830741
11537943
44186884
49830747
49830716
49830472
49830819
25165277
49830538
49830722
18451199
22607792
44415997
5830978
14983992
324449
5306751
49830693
11719226
49830401
49830760
49830358
49830872
49830586
22607499
24859158
49830681
49830349
49830897
10391182
24765714
49830927
64790
49830336
49830446
49830899
49830372
49830398
49830436
49830498
49830510
15986273
11338778
49831040
49830753
49830600
11577250
49830505
49830381
49830321
3071991
49830813
49830425
6612485
25012088
49830757
49830947
49830682
884767
49830303
49831014
49830485
18451073
49830800
49830280
49830907
49830423
49830452
49830994
49830806
49830605
25165084
49830410
10066082
49830885
49830729
1568886
49830461
49830275
24781302
49830614
49830502
25164884
22282869
49830313
49830424
65808
49830535
49830380
11156716
90660932
49830353
2813676
49830378
49830483
46945066
49830959
49830359
49831015
3335325
49830477
1368219
24768216
49830860
16423934
49830332
49830568
9549184
20744821
49830928
49830523
49830789
11189864
49830511
49830725
49830387
49830616
49830296
11417587
49830646
21700057
49830408
4589745
18767859
49830416
49830782
20244403
49830504
49830376
49830429
10398257
11524200
11442914
49830836
24859161
49830438
49830491
2818965
49830432
18458840
46223254
49830832
49830638
49830749
23433024
49830298
49830464
4813
10663604
49830791
404051
49831022
46873764
9907093
2305717
49830750
49830369
14501860
49830623
49830798
246391
49830599
49830803
4269486
3099539
49830316
49830727
49830807
2831603
46894109
49831025
49830382
11856995
18451223
49830454
49831046
49830551
49830291
49830990
49830700
49830841
6842391
397107
49830273
49830770
19078761
17163635
49830963
49831029
49830833
49830370
49830780
2390
16734329
49830362
49830479
18516237
22665513
49830733
49830276
49830793
49830752
49830820
25165082
49830998
49830896
9820089
20744829
49830989
49830597
49830668
49830489
49830433
2797246
49830892
15314692
49830696
2044508
49831038
44143344
25164882
49830317
49830539
9981692
49830831
49830925
24859296
18516214
49830881
49830632
1924413
255603
49830536
9549184
24856436
24203040
49830604
49830865
49830967
49831034
18451366
49830482
49830501
11338239
49830756
24755603
24858859
49830801
22402079
49830330
49830361
49830471
49830343
11196984
49830640
49830363
25164472
15042063
11993789
49830802
49830875
49830805
49830650
49830731
22337591
49831023
49831005
49830887
25164470
49830512
49830344
49830677
18516106
24947488
49830417
49830655
12678237
49830711
49831051
49830710
49830853
49831001
11221493
11463885
49830698
44406013
25205759
600129
49830874
49830371
49830547
18451141
49830399
794531
49830654
49830663
18451176
49830522
49830930
49830703
49830566
20135774
5209964
49830678
49830307
44405988
49830808
49830297
46207586
49830822
49830766
11610113
49830430
49830466
25206387
49830701
49830302
39045345
49830567
4306353
3038489
49830768
49830839
49830671
49830783
5279
49830579
21874004
24809834
2765796
22607455
49830689
49830593
49830864
49830573
49830721
24772168
49830406
49830680
49830545
49830691
49830736
49830486
49830379
45908781
49830312
49830582
49830611
25164272
4714238
18451208
49830351
49830356
15314616
49830931
49830609
49830797
49830684
49830995
49830274
9928802
49831004
24952851
49830719
49830287
49830277
49830850
49830496
15745966
49830702
18451135
49830939
49830590
49830602
2213120
49831035
25141092
5057999
49830469
90660987
49830428
25205919
44237411
49830862
49830422
49830333
49830474
15504063
49830347
23652669
22607785
12666261
49831008
49830695
49830556
10043997
46837054
49830576
49830849
9798600
49830620
49830951
49830857
49830926
5757140
868869
11268820
49830762
13811517
25166655
21907509
49830518
10338500
49830708
49831052
49830615
21060786
49830533
16666093
49830618
49831019
617753
49830890
49831013
49830742
49830525
49830637
23433114
49830670
49830840
49830787
2866301
11338257
49830577
49830746
49830323
49831011
49830295
11546373
15745956
49830500
49831018
9881974
11210054
49830724
4323109
49830434
2801756
25002232
43237179
315880
49830559
23642173
49830521
49830970
49830690
49830630
11407497
49830373
49830310
47001891
49830961
49830272
49830462
49830672
49831026
49830759
49830565
15605335
49830621
49830475
49830923
49830306
13984334
49830704
49830311
36559462
44632634
15981404
22607266
49830575
3541
25100740
49830804
49830546
18451363
49830301
49830978
46872622
49830350
49830411
49831006
18516203
49830876
2797247
49830814
49830326
9825149
49830352
3086685
23882428
2827827
49830377
49830544
49831048
49830449
22060010
24894081
49830786
49830642
49830509
49830834
25134688
49830331
87939151
18521941
49830985
49830494
20261448
49830815
49830574
3392643
49830969
49830854
49830748
49830560
49830442
49830367
3270866
49830958
606971
49830965
49830470
49830720
46872619
49830481
49830403
49830785
49830924
9905711
49831009
44520205
49830763
21979999
49830631
49830848
49830900
3086686
49830607
49830587
49830784
49830441
49830457
11442386
49830933
46495498
49830825
49830837
49830712
49830910
49830606
49830328
49830404
49830948
49830740
49831017
49830293
16050450
22607531
49830921
49830922
49830499
16050449
49831042
49830744
49831028
23740938
49830715
16085320
23536094
49830309
49830520
49830388
49830591
3131850
49830669
49830437
49830658
49830476
90661035
49830402
49830543
5216867
49830905
49830946
49830292
5207138
49830781
49830751
18001010
3662552
49830929
90661038
49830286
49831002
44406684
49830867
49830817
49830676
49830728
49830338
49830877
49830743
49830598
49830657
49830318
49830508
49830673
49830745
44406014
49830755
11560418
49830360
49830385
25016360
623415
49830871
49877872
45023169
49830648
18450918
49830440
49830315
5711
24859013
49830902
11176299
49830513
49830375
49830717
15323455
9946124
25205762
49830628
49830656
49831016
49830284
11645322
49830835
49830415
49830584
49831037
49830329
49830558
10317442
459567
49830458
49830281
49830610
18870913
49830955
49830322
49830754
49830641
49830463
18458813
4625
672301
11640390
49830355
49830319
49830643
49830794
49830448
16050453
11851810
49830435
44405945
49830979
44405946
49830960
606754
49830943
49830366
10456958
49830917
49830624
49830555
49830455
4982682
49831039
417428
49830497
49830278
49830308
49830532
13084523
16665630
49830888
49830414
49830941
49830880
49830869
49830644
11669784
3661799
2876406
49830467
6303347
44406019
49830737
49830589
44406074
49830519
44406048
49830445
23295827
6539952
11292807
49830473
46435372
49830288
18450667
49830282
49830767
49830909
49830412
49830886
49830325
49830718
10110877
23570850
49830966
3089072
43144460
112928
49830761
49830294
49830964
49830327
49830732
49830503
25167971
9868229
49830895
49830660
49830451
49830290
22484544
3449643
49830971
90661076
49830314
49830320
11646704
49830346
49830488
10022738
23996921
49830667
44405940
18516349
3133620
19934548
49830699
22557045
49830891
6522197
49830790
25164676
44405949
4893
1986
49830443
49830289
49830413
49830795
49830456
22607336
49830354
90661082
2844207
49831024
49830613
49830612
3653771
49830818
19022684
49830622
11383888
49830592
49830940
49830386
49830569
49830975
49830915
49830688
17754438
49830856
49830838
49830400
49830987
11306240
49831041
49830453
49830651
49830495
49830348
13452859
25016361
49831007
21609265
44186879
25101956
49830901
21392813
49830601
6842719
49830953
49830608
49830692
49830639
17754772
9834334
49830365
17856673
49830492
49830858
49830792
49830863
11565683
49830879
56694835
49830726
49830636
49830968
49830450
49830537
49830949
12603886
25016188
44247753
49830465
24906268
49830649
49830851
49830911
123015
49831032
20744853
49830788
8087554
49830973
9820195
49830447
49830554
233113
49830480
3099034
49830383
44405987
9814156
49830709
23829003
49831021
49830918
49830460
24952850
49830950
49830662
49830883
6455415
9549300
24858860
18189414
12284431
49830796
49830769
49830829
49830506
46223479
21907506
44611456
4458892
49830799
49830384
49830830
3155438
49830578
49830811
49830882
11299662
25165086
49830645
9977114
5031818
49830364
49830540
49830878
49830826
49830633
49830444
49830484
11359538
6017349
11950170
3422119
49830335
49830534
49830324
49830992
49830758
49830675
49830409
49830304
49830944
49830884
49830357
49830661
49830299
49830617
9950716
44405982
57345779
22413670
49830459
49830694
49830652
5018815
49830487
23433004
49830739
49830552
11537005
49830279
49830337
49830305
25164885
49831031
49830764
49830859
44405939
15745967
49830932
49830572
16048554
49830407
16129448
49830816
49830594
5895068
49831012
49830588
49830635
206042
46945263
25224338
49830427
12553292
9956874
49830908
49830490
20099952
49830619
49830697
49831044
49830954
49830765
49830285
34881842
49830686
44405983
11751922
10498988
9916282
11530963
53348216
16654980
59503744
59503711
44178069
59503659
10181160
23646814
9914412
70683609
10125830
56846693
57899488
56604907
21109
16750271
5327067
53341082
11518389
56832546
56947170
10686149
44410960
24995659
57412684
44229839
221493
66552478
57522818
70694953
7458031
57522817
30291209
57522819
57522820
30291292
57523093
57523094
57523095
57325421
44410717
11574614
23585510
11532048
70688829
70693058
70686752
70693059
70688832
70693061
70693062
44410829
70697173
70690944
70695135
68783839
11620055
70686830
57466811
66553589
6540289
44410869
44410851
23647212
23647201
11691173
23647573
11495680
44410720
11596881
11532676
11526238
23646813
44410949
11531799
11373886
11502867
11715520
9822042
67161540
5386
46912953
46912952
70695463
70684923
70697479
11467730
9864718
11846126
5333
11658882
70697623
444008
15604547
16037675
70691408
68595
11624601
5282322
7010
16051930
44273554
44273555
44273659
44412343
11590363
11539329
11661959
10390073
10067064
14957
5494425
9953676
44414322
44273595
10247543
9999342
11645208
10473563
23647330
10409523
16043304
44414347
23647348
4369491
23646624
71452977
5352033
60155126
60155209
59627005
16007391
9859248
56955954
60155724
25104303
67238213
52936347
23647319
16046126
71458575
16086114
51000510
9907612
49784894
10301884
10302451
53469448
57345941
57329726
4011
54760383
24767976
40839
11341869
11244819
3151
11314310
16095342
25206346
71455860
71459584
44557921
57505528
44465558
44465026
57991377
9840393
8478
36119
9926791
439501
24894130
11784520
11485656
11362471
11397177
11590078
11454205
11715767
55283
16720432
10389239
11992146
441071
54676905
44424838
39186
10427712
17758019
17758239
11562302
17758574
71718528
71716081
58172700
71521083
71521082
18451372
71300299
71552696
70789756
71552941
71552942
71553011
71553012
71553085
71553152
71553154
11620410
58441401
58010054
58009825
58009815
50906778
71718651
448991
18451036
53354074
16664858
766949
456214
71575642
71524406
59604787
44432441
71567006
71578921
70698427
71568837
68621906
68622771
70889576
68622986
68624030
71567755
46207461
68622795
71567481
71567482
46207463
71567350
2132479
71718330
71720141
11238420
9818231
11955790
5703619
71583657
7858
17754396
16739279
24180608
2249
11281930
9938299
5284557
16058637
5144
44429012
23647262
23647251
23647255
23647258
23647264
2366
17758240
16747696
440473
44440254
44440256
44440259
17748275
16727123
10113568
11684933
11626406
3081361
66265
44444843
25138012
44442347
14868
9813758
2244
3686
757
25167109
24882503
2442
21081523
9811611
441207
644241
5166
16059071
637566
44447890
44449577
5289419
9958506
11712649
24824046
448014
16730109
5355
15941246
6263849
24936119
44456923
22273644
5330812
11617559
16043242
2361
10705154
14969
44315122
44378581
44378516
23644745
39042
4877
127757
9910164
16760660
5361
44378540
44376126
10450849
2399
10450005
10803234
10406267
688272
118705500
51081
38409
10407341
2164
10360971
6228
5327723
10361853
1697
5280953
68827
445643
11429729
4946
11429654
5353432
11362483
24807809
10158652
11856204
44456938
11494558
11474276
11441375
11234514
11407183
105000
16118737
11544961
11624999
5517
44269518
5164
5329099
64961
21138
5147
5329098
3637
44273560
60021
44273619
2206
37783
10635
11440028
5353940
9965429
2337
44273559
5330157
9850467
44273476
4199
5329784
5280443
10061448
4592
5722
289
5092865
5329032
9869943
9952970
6209
222757
9937406
11790
44278104
4708
1392
1030
452114
14654646
3002104
5328940
467804
3002102
460897
3510
324081
5904
2406
9917013
169853
4021
9932061
14385
5330791
23518511
11723151
4705
10940039
5330801
10455969
11280103
72172
10482445
5330799
44299157
637511
15297224
44299325
44299145
10864309
5330710
9847014
1548943
5327979
44299187
5694
47576
44294447
44299360
10044516
2247
3025986
3820
9995236
447961
44299304
5328115
14522793
10157645
5328127
89594
2756
941361
176167
9958125
489124
11737638
44299236
5282335
5329009
5328134
5327885
22907281
3501
54677971
5330794
44308469
9806182
44308468
15625
6603857
5327919
447721
3191
5327923
10555532
5330773
422786
5330781
11972484
10030483
1400
44308609
3641059
5330768
44315171
44315457
5330769
23366090
23366085
1057
5330788
5330779
10392789
44308490
10769011
5330778
10506540
44315184
44317538
44460786
21362698
5379
21362749
5330782
127406
1923
44460512
11414735
11287153
44317865
4855
44310732
5897
10671412
44317982
2336
5330767
44460496
44315423
21362697
5330775
44317768
21362741
21362756
21362754
4156
10673286
10650891
5281614
10527068
10592750
4922
10255238
44328672
10303277
10894726
10389862
5281787
4566
23532567
156414
11729539
44340972
44340973
44340970
9888491
44340930
44340931
10457505
44340908
44340904
5329453
44340907
44340782
5288018
7456
44340969
613127
447700
44328637
9927943
445858
10768554
10871128
44328911
149096
5329447
5327840
9882612
9797847
5327833
5327834
5327844
5327846
5327841
5327836
44340932
8816
13009352
44355564
13009355
44355330
44352860
10483429
44353115
44352929
44352816
44352817
44355294
44352843
44355293
44355299
6538897
9869773
44352826
44352905
44352915
10143231
44352972
44352970
24202429
44352873
1720
44352973
44352890
44352846
44355546
13009346
44352861
44352971
5329004
9935079
10363069
44353130
10141037
19959069
10206423
39941
452261
126941
44364200
2753
3544
44370465
44370226
5329013
44370224
44370225
44368815
44370463
44376042
15289412
44375684
3440
15289413
14802482
44376043
44375788
14802485
14802486
44375703
14802483
44375601
14802487
9850161
44375974
44375763
7595
5330228
9796713
44364050
5329028
44364084
44112
44364044
5327946
44364045
5329034
10396070
9892366
3035462
10029385
11294864
11316975
11328863
5330804
5330128
44398371
9952773
44285442
11153014
275196
5330169
10478569
44403669
5327095
5330159
5330279
44386589
4843
44386931
44385548
2794188
124020
2196
11488852
73110
44406047
11477626
5329951
11419379
11604739
11517688
44405504
5330391
6540003
44406018
44405938
11374515
6475560
3334
11496376
44405999
5330392
44405941
5330420
11442803
11293798
11626927
11428396
16109001
16125233
5458213
16105503
16125042
11716665
169371
5326976
44410954
11234052
16007116
11846125
11632737
44410959
44410948
56208
11640926
10216627
11630874
11314340
11682843
23647236
9885748
11719305
9948405
10384072
444795
44410723
11516978
44411048
44411161
11407074
6540005
11662893
44406055
65238
11546457
44410955
44410956
11361885
11235063
44411183
6914611
10215912
6914613
44410953
3547
9549303
6918852
5743
44415977
11518031
447077
44460488
6013
16105510
16109036
16086104
11843159
2723949
16115004
16220223
16719862
2333
5754
44427519
16220354
44440493
23661564
11631681
475266
18451374
18450541
124016
44427518
6075
3848929
475264
44440261
17759787
18451024
11753519
11753519
2337532
23647265
475263
2723
11248502
44443314
24180596
188534
4583
4763
24742033
10390396
11442891
7057919
25066843
11710853
130313
11690518
16059729
123630
11710909
11588815
24836816
25444
13009354
1674
3702
3385203
44460933
4878
44355295
3373
44431027
44378580
3134
44460932
16132415
5591
6539569
1893668
14824655
11749082
5287844
3386
11785878
11526786
11583459
44378515
448537
44460243
44285671
15941392
9956119
9871380
5284616
11430448
3332
16059338
10324074
2801
11497983
10484487
5282230
44378557
19099
4114
490561
14654667
44308069
6539560
10136330
14624081
9947433
11338122
489125
6623
11799388
2818
5702063
5327845
5353980
2404
44308611
44364157
5566
44311036
44268388
5466794
253602
44273620
196804
338
14802484
44384964
40854
11846124
5330158
11562171
17758020
11417488
92142
3314
44386181
3475
114864
62959
312145
36314
5287969
2882
44378539
3869
6758
44364260
24757938
11374110
44460281
369401
5330776
1547484
489127
44328750
44308612
11577725
10482293
44340622
5330798
10738332
44303442
276389
5328357
44340903
44355186
3779
44352790
6518171
44355547
44353112
3639
9808998
44352842
44375765
11719421
11604436
14802492
17759555
5340
667749
44417767
44378582
447873
44410844
5325
10050156
6574
5215
5280961
4521392
10494548
14982
44315123
44456924
8223
5329
44565016
18732328
44352771
6323490
49796827
4543
25011729
1549041
10017019
10380356
11338033
5327
6212
36462
5193
24769780
440308
5943
14052
44571820
73568
896
44291669
10461815
2712
44586040
9917045
6539952
2727417
2802
1853
24894884
91536
25218656
5344
24894993
24895100
11858109
10423452
21083895
11675054
3278
9547398
7516
5283685
3463
174
15938
5328135
9934347
38853
16038356
44564751
4595
5311217
24764449
2577
44291629
24794418
5349975
23378546
9823787
44564788
16119710
16119021
656516
25211575
44564747
3810484
44564749
44564790
11398307
44564791
10395226
5641
159926
11448608
44564705
44564706
10047545
401171
25182616
44570553
5281657
25124816
15295578
3657
24825721
25206064
24865437
5426
44575073
447962
25190453
3826
439530
14985
5253
3488
6539952
442292
44564820
44156916
44564911
44156917
16042971
44564910
44564955
44564860
44564861
25263111
44564862
44564863
11213558
44564817
44564819
4507
11626920
5351166
2779952
44578709
442514
10113978
24766030
11524144
24856363
5452
6603792
44570884
3883
10075240
124021
11822355
400433
60838
44575127
10409707
44570599
44570600
22477600
24995524
6420138
16041424
24771867
9874913
24899915
5360741
6918469
24900160
44588915
5944
42618143
42618144
10037501
2758
9983303
44580077
44294661
9570327
44593713
9857146
24894886
44294270
25178331
522325
2145
5329132
25178540
24894996
24894992
24894997
25065806
25211064
25178539
44582745
44294493
2477
43815
44565015
2783
5311382
23658582
9933475
16211077
44582838
44565013
667926
24770517
24941253
24880043
31101
44219632
2290
11848309
24854903
24854902
24811794
11161778
24963046
16725726
44219633
25129829
25129830
11848825
25129831
11848567
11496629
10479082
4728
3598
44580358
5329117
44580628
44580449
44580778
9864418
9890085
2727
71815
33624
44575838
5280343
4828
13888120
10965763
451415
9809715
34001
53232
25148932
5329133
679
25218459
42625986
5357223
159055
695484
10421236
15282555
24937369
10219
11650194
4908
16129778
24894885
24899917
44591740
5320800
451660
25124150
44560751
31072
8447
16684434
24894620
5005498
4037
16038120
21081761
24894883
54680783
9833337
4992
44588220
25207521
10005715
89644
44564748
2578
3128424
11364421
3950
44564864
10142586
9826308
44564821
44564954
44156909
2708
44564818
14654669
16574
10024683
2913
44588117
42629114
44570554
174174
5283727
24995523
9547698
44564789
44575126
24900161
42618140
44588881
5359485
24899916
3672
24894995
104860
54766
44580532
17755052
44580689
25263283
440221
10089048
44582684
44582716
44565014
9977819
24825779
44580420
44592504
25032704
5097
16757525
5360696
10275163
11717001
23507191
442674
5327922
4943
16661285
11729563
44580649
54676228
14654660
447043
24894888
24894117
47811
12560
23133323
3827
31703
45263504
5329102
54584848
9889351
14654656
5081913
14654654
16739368
45264052
45273796
3559
108068
73332
243
8246
16757577
22911602
64715
702
156413
5341709
5282379
2771
4735
45271242
45270357
45270368
44188627
176870
10501266
10074667
45262293
9826373
208908
44299321
42639664
11474111
9799152
177458
9814609
44300026
2763
11453012
4178
75792
45273507
11656518
448042
9860872
45269554
3948
44299354
44219749
44517743
441140
5328125
699754
3394
1549120
11280238
4495
4926
5901
16718576
2796
24969301
2360773
10296883
656665
10320381
44478401
68911
11233762
11438191
4748
45485083
3232621
11723489
4914
4369496
5328137
24883334
4463
45487634
3825
24883287
44299338
23627212
6604200
5494449
11667893
938
5328117
9884685
5328149
5154691
5328112
5330524
16079040
3078519
11409972
9943194
19966997
44622967
44466196
23401001
11311217
24889392
23400934
5388962
948954
10246246
4212
3958
10292737
72474
11634725
44251519
44472946
11371778
5546
10111108
44622837
657255
46224908
46224684
10110378
9803350
46225169
46224697
46225597
46225598
46225610
46225664
46225611
46225540
44251637
46225668
46225657
44473011
46225666
46225667
46225663
46225634
4829
44473016
46225596
12000646
44552562
46225688
46225612
46225640
46225665
44303517
44303745
5775
46231220
46228508
46233287
5330795
5327921
46228822
24756910
54677470
45139989
45139991
5318432
3715
5284613
46232443
11626560
46228951
46232555
46232556
5287736
5717
44473009
25057409
44552561
15297223
10429593
46225647
5312137
5330796
46231221
46231219
44160269
12000650
11396738
6445562
4912
9929127
10708835
119584
10607
5401
46877399
1046
5330792
3570
5533
5323
3308
5330708
5281855
5430
3357
4740
2160
5083
4932
9782
10425978
2157
4488
5865
56069
5656
3767
4913
1978
4927
4184
323
5330793
5330797
6726
11057
39147
24360
6741
3033637
3100
9651
439533
2130
2428
2118
3415
3339
44308610
5327920
44308383
44308467
5816
2797
3139
4030
4044
6251
5991
22736235
5576
3291
5411
2750
44308409
2284
43672
55652
8515
3157
2972
2726
57363
4760
2197
44310758
2083
4585
5002
6279
2995
244
5330787
5330772
2585
44310795
3372
2723601
4917
5330774
10590515
10318148
5330766
5330783
5330786
5330771
5330784
3878
3821
5070
2396
5359226
10530708
10602350
151193
5330777
667550
5330765
10460251
237
5326843
9904
3545
4746
5330764
11199
4636
5330780
5330785
5330770
3518
10099482
5329111
59768
2052
44315124
44315929
5770
750
5330535
44315545
7594
10066030
10554684
10099652
9883384
10850934
5311309
11075446
44460390
14929458
10499619
5281040
5905
21362674
21362748
21362689
3676
9949093
10360970
2051
44460560
10345125
6711154
2754
2764
5284596
10046873
44460577
21362732
4201
6253
10246831
44315503
3397
607775
44317844
3198
10448840
68617
10476762
12309509
10043994
5035
162883
13441298
21362669
21362727
44317866
44460244
21362696
10325906
44460468
5503
491467
44318001
21362699
11164332
1645
2478
21362687
44317726
1549008
10407176
10434923
3229
10248155
44460282
7108
2733526
5342
5472
5510
44460583
5362124
60700
3955
5467
452239
2435
5073
60464
460612
4909
7577
4168
6610355
3519
4235
119607
446541
10354294
3728
5908088
31420
6419834
2088
10466715
3305
5879
5526
4170
2907
3324
9885993
60750
6098
5289418
444
5311304
4911
3059
4539
4601
5702160
5978
4189
3348
5790
4753
153999
10768377
148124
5245
447682
3748
36811
60490
3108
4174
44328782
3055
71771
123631
5983
3446
5291
12124
2391
16231
9912410
1935
4122
1548953
44328786
9863367
44328611
44328576
44329010
5071
3899
3117
44328730
44328912
5166
26757
44328766
23662354
4891
44328612
44328745
44329007
3516
22475
3973
44328574
6215
2484
18283
44328718
9911005
3957